1578148792.3300962
1578149400.0982313
1578150009.5418591
1578150620.2129185
1578151230.7552457
1578151840.2114553
1578152449.9189618
1578153059.9517426
1578153681.22658
1578154307.402332
1578154933.7600384
1578155559.0971286
1578156185.6244874
1578156813.551941
1578157439.6454694
1578158067.0944855
1578158693.6937485
1578159320.9074488
1578159948.21564
1578160575.4308121
1578161202.1608794
1578161829.9550252
1578162456.1121182
1578163082.1907396
1578163707.8010292
1578164334.5046425
1578164961.9463022
1578165589.1339765
1578166213.6638596
1578166840.2741072
1578167466.4822366
1578168092.9908006
1578168718.160886
1578169344.1664097
1578169971.9178765
1578170597.979793
1578171223.9931293
1578171849.7109902
1578172477.17011
1578173104.2497444
1578173731.2138333
1578174358.626581
1578174986.3247578
1578175613.8069966
1578176240.32548
1578176866.8195846
1578177493.284293
1578178119.5781672
1578178746.1218398
1578179372.2826946
1578179998.4656487
1578180623.8316503
1578181249.3809435
1578181877.265279
1578182504.4381433
1578183129.111011
1578183755.5969036
1578184382.884704
1578185008.8395796
1578185635.0346231
1578186261.7824697
1578186888.1290872
1578187514.7778237
1578188139.9412587
1578188766.4135108
1578189392.914614
1578190019.1177497
1578190644.0202389
1578191270.2940798
1578191896.4800155
1578192521.5210385
1578193147.7403626
1578193772.2035155
1578194398.1182327
1578195024.3890228
1578195650.806757
1578196274.3056955
1578196899.0457325
1578197524.920735
1578198150.595111
1578198774.6193304
1578199399.8266275
1578200025.0153563
1578200650.0941105
1578201275.51178
1578201901.7563477
1578202527.7065408
1578203153.6338716
1578203778.5637443
1578204403.8632703
1578205026.8857555
1578205652.0710557
1578206277.7370088
1578206904.5516384
1578207529.3577926
1578208155.8802922
1578208781.138363
1578209407.0326755
1578210031.998015
1578210658.34426
1578211283.375212
1578211909.9180207
1578212536.3370397
1578213163.3705828
1578213788.8780313
1578214414.03248
1578215038.5185857
1578215663.0296893
1578216288.3237975
1578216912.6893682
1578217539.0885022
1578218164.7718914
1578218788.8399315
1578219415.0326834
1578220040.0027978
1578220665.1665497
1578221290.0342717
1578221915.5411732
1578222540.7864406
1578223165.6826286
1578223790.8807666
1578224415.8698556
1578225041.3716908
1578225666.6603935
1578226291.562694
1578226916.6522586
1578227543.4113815
1578228168.7057579
1578228795.0880258
1578229420.6564455
1578230046.473929
1578230671.2499888
1578231296.1984515
1578231921.128758
1578232547.6511524
1578233172.9410396
1578233799.4517603
1578234424.7336864
1578235050.1429944
1578235674.4515407
1578236300.1580129
1578236926.373768
1578237552.0339892
1578238177.7660022
1578238803.179339
1578239427.6448984
1578240053.0785413
1578240678.5807588
1578241303.8509305
1578241930.2852128
1578242554.9156244
1578243179.3350308
1578243803.8611732
1578244429.3631673
1578245056.089918
1578245683.3824656
1578246309.8750455
1578246935.5732522
1578247561.8037477
1578248187.6738098
1578248813.1412718
1578249441.1041968
1578250067.9115255
1578250695.6941962
1578251322.6221008
1578251949.4503047
1578252575.9377975
1578253199.873735
1578253822.5032992
1578254446.1548557
1578255068.5607736
1578255692.1466413
1578256314.9989517
1578256938.498412
1578257561.4416213
1578258188.3634155
1578258815.0690217
1578259441.9021401
1578260067.850876
1578260695.3989544
1578261322.224365
1578261949.0999277
1578262574.5842505
1578263201.859276
1578263829.0243497
1578264455.93752
1578265083.2440999
1578265709.1737628
1578266335.3595183
1578266961.4752378
1578267588.6102202
1578268214.8392627
1578268841.6981401
1578269468.4791124
1578270095.208297
1578270722.5189562
1578271348.264133
1578271975.723023
1578272600.9587517
1578273225.8778682
1578273851.6068568
1578274476.9757092
1578275101.9269755
1578275727.6312199
1578276353.9150035
1578276980.2216582
1578277605.8752205
1578278232.4101865
1578278859.0488591
1578279485.9183466
1578280112.3386028
1578280740.0825086
1578281366.9453945
1578281992.7389407
1578282620.2993279
1578283247.3510382
1578283874.546937
1578284500.2538106
1578285127.933809
1578285754.4692109
1578286382.9406686
1578287009.4562788
1578287638.1300368
1578288264.6853967
1578288891.1594899
1578289517.0742106
1578290143.8886125
1578290769.7154877
1578291397.1896076
1578292022.7799191
1578292649.5590456
1578293275.940564
1578293903.3638124
1578294529.4708436
1578295155.6544547
1578295782.5020058
1578296410.0698495
1578297037.855295
1578297665.2178957
1578298291.2807913
1578298916.5246303
1578299543.4365132
1578300171.3426955
1578300798.1144948
1578301425.6417058
1578302053.1444762
1578302680.3824937
1578303306.934336
1578303932.751117
1578304560.5239108
1578305187.5030334
1578305815.4153433
1578306441.9442797
1578307068.6472015
1578307696.3726745
1578308323.2070131
1578308949.4166226
1578309575.2574248
1578310201.20737
1578310827.1221848
1578311452.1774888
1578312077.5469701
1578312704.606739
1578313331.3833795
1578313959.001569
1578314586.2295704
1578315213.7176397
1578315841.2424607
1578316469.2188616
1578317096.9551454
1578317724.597672
1578318351.4084325
1578318977.9783552
1578319604.2598016
1578320232.819187
1578320860.1813653
1578321487.712772
1578322114.3469052
1578322741.9116824
1578323370.1271598
1578323997.0730467
1578324624.1587143
1578325251.4459367
1578325878.3486335
1578326509.0597813
1578327138.1894417
1578327757.1030667
1578328377.2671318
1578328997.9317217
1578329617.5586548
1578330239.3469625
1578330855.0667725
1578331465.4351268
1578332099.8552325
1578332729.7427204
1578333357.3175752
1578333986.286302
1578334614.607057
1578335241.7215583
1578335870.2443988
1578336497.949718
1578337123.8353102
1578337752.0302038
1578338378.2284358
1578339005.9543216
1578339632.8122091
1578340250.7924273
1578340867.302539
1578341485.0861611
1578342102.461413
1578342720.475156
1578343338.5779738
1578343956.171359
1578344571.179551
1578345177.8307264
1578345784.0850081
1578346390.5318007
1578346996.4325147
1578347604.959869
1578348211.251329
1578348818.225299
1578349425.5550354
1578350033.0971413
1578350640.3960989
1578351247.275077
1578351853.4954073
1578352459.8503594
1578353067.4695668
1578353703.6707532
1578354345.940529
1578354989.5140047
1578355627.8017256
1578356259.3581858
1578356889.3952138
1578357519.2485445
1578358147.9732864
1578358778.7832973
1578359406.9168172
1578360036.1704638
1578360665.091401
1578361294.7518718
1578361922.7961984
1578362551.992453
1578363179.9631443
1578363810.0873494
1578364437.3309994
1578365066.9151459
1578365696.583658
1578366325.5908518
1578366954.490675
1578367584.845573
1578368212.4016118
1578368841.7864218
1578369470.553735
1578370101.9298043
1578370731.5358894
1578371361.7342446
1578371990.7489657
1578372620.4276457
1578373250.3871107
1578373880.8520224
1578374508.9003084
1578375138.2515981
1578375768.4830136
1578376397.6923866
1578377025.918048
1578377652.8764896
1578378282.6829286
1578378912.374835
1578379541.013942
1578380171.5008621
1578380799.8852189
1578381429.2670798
1578382057.826159
1578382686.302713
1578383315.8949473
1578383945.6885242
1578384569.1856706
1578385195.482693
1578385823.6734598
1578386454.3609447
1578387083.5999637
1578387712.9083831
1578388342.1067708
1578388972.5187798
1578389601.5873044
1578390232.0316439
1578390860.2140338
1578391490.9116838
1578392119.3993273
1578392750.03961
1578393378.9809482
1578394006.14442
1578394632.5928843
1578395263.057827
1578395891.4401994
1578396521.8039489
1578397149.6534934
1578397780.7339652
1578398409.4592328
1578399039.116665
1578399286.3014274
1578400418.4996073
1578401082.740011
1578401747.897617
1578402411.8666556
1578403076.0260277
1578403740.0204778
1578404404.767315
1578405068.9479563
1578405733.0913393
1578406397.2026653
1578407061.6577454
1578407725.7562544
1578408390.7425988
1578409054.47395
1578409719.3675945
1578410384.2130814
1578411049.522767
1578411713.7711115
1578412379.4974666
1578413044.0842433
1578413708.8096673
1578414372.9808974
1578415038.236853
1578415703.311691
1578416364.84872
1578417025.0509756
1578417685.3318365
1578418345.324078
1578419005.0751548
1578419665.3565257
1578420325.2642648
1578420984.9956446
1578421644.6748748
1578422305.6414888
1578422965.4106457
1578423625.8943317
1578424285.9871356
1578424945.7741048
1578425606.301126
1578426267.0751536
1578426926.6139545
1578427586.9205973
1578428243.4211445
1578428895.481562
1578429546.846473
1578430198.1972504
1578430850.7255545
1578431501.783378
1578432153.9416173
1578432806.455177
1578433457.9817336
1578434109.9228175
1578434762.1145744
1578435413.3380225
1578436065.0918732
1578436717.1526198
1578437368.961332
1578438020.691966
1578438672.4022613
1578439325.0401196
1578439976.840842
1578440629.3688738
1578441281.0766156
1578441933.3218486
1578442585.2047262
1578443237.4014316
1578443889.496855
1578444541.955548
1578445193.9489555
1578445846.0704415
1578446498.0074704
1578447151.03601
1578447802.1796725
1578448454.2852182
1578449105.4470983
1578449757.8121197
1578450409.5030777
1578451061.0283074
1578451712.8438096
1578452364.9125586
1578453017.2972643
1578453668.7628045
1578454320.8333712
1578454973.1858177
1578455626.4600143
1578456277.0653672
1578456929.129961
1578457581.0256402
1578458232.864701
1578458884.4122186
1578459536.030105
1578460187.3215978
1578460838.87642
1578461489.3351076
1578462140.4152987
1578462790.6190622
1578463441.7495165
1578464093.5187652
1578464745.5548358
1578465397.4911401
1578466049.173281
1578466701.311708
1578467353.1182172
1578468005.3881505
1578468657.7672024
1578469309.728294
1578469962.1141808
1578470614.0293794
1578471266.6109457
1578471919.336285
1578472571.628373
1578473223.437012
1578473875.4922607
1578474527.999984
1578475180.0636191
1578475831.5605388
1578476484.0125742
1578477135.7226317
1578477788.4090993
1578478440.0285585
1578479093.4967449
1578479745.286887
1578480397.5502002
1578481050.9147036
1578481705.3059936
1578482356.776581
1578483008.497925
1578483661.278749
1578484313.485253
1578484965.7202063
1578485618.6889193
1578486271.3128867
1578486924.257087
1578487576.790859
1578488229.920833
1578488883.6430771
1578489536.4996948
1578490188.6445742
1578490840.8505816
1578491494.2806058
1578492147.3956301
1578492801.455895
1578493455.2896016
1578494109.0083432
1578494762.3161294
1578495414.8565757
1578496067.068703
1578496719.966204
1578497373.546527
1578498026.6402009
1578498680.3888693
1578499334.2629037
1578499987.4705362
1578500641.2102032
1578501294.7052453
1578501948.1034682
1578502602.204419
1578503256.2624505
1578503909.258689
1578504562.3549974
1578505215.8253996
1578505868.329654
1578506520.974057
1578507173.9105363
1578507827.295357
1578508479.9725444
1578509132.2203503
1578509785.4343345
1578510438.3699648
1578511090.9035842
1578511743.1701577
1578512396.2673643
1578513049.6828742
1578513703.5022836
1578514356.2960396
1578515009.493552
1578515662.5948179
1578516316.5579474
1578516970.9352756
1578517625.3138142
1578518280.5832944
1578518935.358864
1578519591.5064874
1578520246.532349
1578520902.3516939
1578521556.975429
1578522216.7087278
1578522880.1404612
1578523542.8322062
1578524206.0307415
1578524868.892365
1578525532.146272
1578526196.4279623
1578526862.604587
1578527518.0585392
1578528173.9928923
1578528829.9562266
1578529486.4171753
1578530142.4419575
1578530811.9113781
1578531478.5666063
1578532139.729698
1578532800.3482146
1578533463.6779668
1578534127.2551615
1578534791.0968812
1578535454.0397828
1578536110.582113
1578536762.5005238
1578537419.436622
1578538084.4334753
1578538746.0104227
1578539407.0387928
1578540067.9618545
1578540728.574922
1578541389.4441555
1578542050.6879103
1578542711.2246706
1578543371.45977
1578544031.175869
1578544691.5752106
1578545351.6940384
1578546012.7555153
1578546674.4203866
1578547335.6908853
1578547997.7101195
1578548659.904325
1578549319.8576527
1578549981.270913
1578550639.5543463
1578551310.5379229
1578551981.4467402
1578552653.490657
1578553323.8811045
1578553995.5968559
1578554665.2526586
1578555336.3678498
1578556006.2936277
1578556678.6873968
1578557349.2882383
1578558021.6691546
1578558691.6868875
1578559362.9740233
1578560034.8774898
1578560706.0803568
1578561376.2958715
1578562047.568293
1578562718.1020303
1578563389.0641305
