1578149396.0519505
1578150005.4740825
1578150616.1445994
1578151226.6596956
1578151836.109163
1578152445.8450012
1578153055.861092
1578153677.1044314
1578154303.2745736
1578154929.643839
1578155554.9775796
1578156181.5052104
1578156809.4543214
1578157435.5268257
1578158062.9311607
1578158689.55983
1578159316.7756891
1578159944.1017082
1578160571.3027837
1578161198.0379968
1578161825.8316338
1578162452.001094
1578163078.0784178
1578163703.6864653
1578164330.4305468
1578164957.8053315
1578165585.0179527
1578166209.5786948
1578166836.177066
1578167462.4075048
1578168088.8886158
1578168714.0578969
1578169340.0264983
1578169967.7368014
1578170593.8912382
1578171219.8846507
1578171845.605609
1578172473.026339
1578173100.1470027
1578173727.1162078
1578174354.501154
1578174982.2104585
1578175609.6815426
1578176236.2053142
1578176862.7021298
1578177489.1585686
1578178115.4864385
1578178742.009759
1578179368.1692698
1578179994.3585489
1578180619.7384124
1578181245.2914076
1578181873.154627
1578182500.3095832
1578183125.0114083
1578183751.5062122
1578184378.774748
1578185004.7218692
1578185630.927132
1578186257.6663523
1578186884.0052266
1578187510.6734354
1578188135.8155355
1578188762.3013573
1578189388.785954
1578190014.9807234
1578190639.8939266
1578191266.1811578
1578191892.3575575
1578192517.409093
1578193143.6097195
1578193768.0978599
1578194394.0295663
1578195020.2604308
1578195646.6803513
1578196270.194619
1578196894.9333036
1578197520.8055499
1578198146.4766574
1578198770.5194137
1578199395.705269
1578200020.9059331
1578200645.971858
1578201271.4124238
1578201897.673951
1578202523.6148374
1578203149.558609
1578203774.472634
1578204399.7803595
1578205022.7805936
1578205647.9833684
1578206273.6571543
1578206900.4760907
1578207525.2819169
1578208151.7863517
1578208777.0635448
1578209402.9688606
1578210027.9236991
1578210654.2625415
1578211279.3058255
1578211905.841812
1578212532.2488341
1578213159.2722719
1578213784.8028421
1578214409.9571433
1578215034.4310033
1578215658.951337
1578216284.2493112
1578216908.601651
1578217535.0207083
1578218160.677158
1578218784.7642863
1578219410.9452388
1578220035.8826413
1578220661.0845525
1578221285.942136
1578221911.4450278
1578222536.7016528
1578223161.6025743
1578223786.798886
1578224411.7849278
1578225037.2793016
1578225662.5697606
1578226287.4721375
1578226912.5600848
1578227539.328946
1578228164.6329923
1578228791.0203578
1578229416.5662847
1578230042.3915656
1578230667.1780403
1578231292.1155906
1578231917.0415373
1578232543.5884967
1578233168.8235936
1578233795.381751
1578234420.646532
1578235046.0515144
1578235670.3855658
1578236296.075305
1578236922.2860336
1578237547.952914
1578238173.701565
1578238799.0961244
1578239423.5771472
1578240048.998026
1578240674.506363
1578241299.774921
1578241926.213023
1578242550.8241787
1578243175.2574427
1578243799.784499
1578244425.2849948
1578245052.0084074
1578245679.2991037
1578246305.8045788
1578246931.4984953
1578247557.7295961
1578248183.5492272
1578248809.0484874
1578249437.002114
1578250063.8196917
1578250691.614836
1578251318.5093107
1578251945.3474689
1578252571.8489058
1578253195.7566876
1578253818.418289
1578254442.0777934
1578255064.4822028
1578255688.0288754
1578256310.9134202
1578256934.4016366
1578257557.3602288
1578258184.2611103
1578258810.9720128
1578259437.8228848
1578260063.7511578
1578260691.3060377
1578261318.132144
1578261945.014414
1578262570.4902446
1578263197.7550073
1578263824.8834882
1578264451.831564
1578265079.1450284
1578265705.0442145
1578266331.199953
1578266957.3838735
1578267584.4881482
1578268210.6739438
1578268837.5771952
1578269464.370509
1578270091.0985687
1578270718.39392
1578271344.1596804
1578271971.6101084
1578272596.8546598
1578273221.7735841
1578273847.5046651
1578274472.8866227
1578275097.8125422
1578275723.5231006
1578276349.8085198
1578276976.1084993
1578277601.7592034
1578278228.2829263
1578278854.9372547
1578279481.796069
1578280108.2307715
1578280735.9675806
1578281362.8534
1578281988.633028
1578282616.2047696
1578283243.2180521
1578283870.4535706
1578284496.1517587
1578285123.8394654
1578285750.3519967
1578286378.830081
1578287005.3421218
1578287634.0059853
1578288260.5698617
1578288887.0526013
1578289512.9894328
1578290139.7827528
1578290765.6162305
1578291393.073504
1578292018.6737514
1578292645.4403849
1578293271.8138788
1578293899.2561226
1578294525.3548315
1578295151.5622916
1578295778.4012249
1578296405.929898
1578297033.7450142
1578297661.1219919
1578298287.1443634
1578298912.3975081
1578299539.2960231
1578300167.2059433
1578300793.9801085
1578301421.5182881
1578302049.0025127
1578302676.2496364
1578303302.7890265
1578303928.605155
1578304556.3600695
1578305183.3506668
1578305811.281538
1578306437.7931871
1578307064.5085156
1578307692.2296734
1578308319.063238
1578308945.2561784
1578309571.1212273
1578310197.0513868
1578310822.9771817
1578311448.041124
1578312073.4032328
1578312700.4666998
1578313327.2950804
1578313954.8779938
1578314582.1156807
1578315209.6087446
1578315837.1158762
1578316465.0790386
1578317092.8326595
1578317720.4689202
1578318347.2956479
1578318973.8619075
1578319600.1518843
1578320228.701779
1578320856.0724897
1578321483.6018841
1578322110.2374527
1578322737.7726464
1578323366.0009549
1578323992.9655058
1578324620.0416458
1578325247.3319345
1578325874.1852424
1578326504.9609299
1578327134.1473324
1578327753.0707774
1578328373.2176404
1578328993.88314
1578329613.5187
1578330235.288978
1578330850.8890095
1578331461.2752116
1578332095.8121698
1578332725.6125414
1578333353.191131
1578333982.1665056
1578334610.4744813
1578335237.5959573
1578335866.1339936
1578336493.8768785
1578337119.7704606
1578337747.999357
1578338374.1785727
1578339001.8456283
1578339628.6941001
1578340246.7979925
1578340863.3091605
1578341481.1018279
1578342098.4551215
1578342716.4794455
1578343334.5771825
1578343952.181097
1578344567.1101816
1578345173.7729733
1578345780.0148537
1578346386.4336247
1578346992.3580732
1578347600.884724
1578348207.1721606
1578348814.1669312
1578349421.4511642
1578350029.0159051
1578350636.2679858
1578351243.1832578
1578351849.4080212
1578352455.7710352
1578353063.3785744
1578353699.5265067
1578354341.7976599
1578354985.181928
1578355623.6463096
1578356255.2088482
1578356885.2391043
1578357515.1270041
1578358143.9010408
1578358774.6253445
1578359402.7852993
1578360032.0758183
1578360660.9763381
1578361290.63844
1578361918.6892955
1578362547.8847375
1578363175.8408482
1578363805.969436
1578364433.219607
1578365062.8117702
1578365692.4823692
1578366321.470537
1578366950.3936493
1578367580.7287393
1578368208.2843013
1578368837.6914089
1578369466.4640114
1578370097.8263006
1578370727.4330876
1578371357.626865
1578371986.6451547
1578372616.3306854
1578373246.2791297
1578373876.7386124
1578374504.8017871
1578375134.1136885
1578375764.3503242
1578376393.5747523
1578377021.7998388
1578377648.7727413
1578378278.5603004
1578378908.270699
1578379536.8567054
1578380167.3894997
1578380795.7811234
1578381425.1492765
1578382053.6948256
1578382682.1851802
1578383311.7900274
1578383941.5969825
1578384565.0618942
1578385191.3500679
1578385819.565515
1578386450.2687988
1578387079.4668913
1578387708.8095968
1578388337.993622
1578388968.4256563
1578389597.4854276
1578390227.931158
1578390856.0941088
1578391486.7927995
1578392115.2953231
1578392745.9454296
1578393374.8687215
1578394002.0351079
1578394628.4491012
1578395258.961163
1578395887.3247488
1578396517.697698
1578397145.5613136
1578397776.6983821
1578398405.3412414
1578399035.0082455
1578401078.6681871
1578401743.652568
1578402407.7669373
1578403071.9215739
1578403735.9244895
1578404400.6574066
1578405064.8427618
1578405728.9948144
1578406393.092798
1578407057.5813107
1578407721.6566951
1578408386.6657732
1578409050.3714347
1578409715.261311
1578410380.066185
1578411045.4110107
1578411709.6903553
1578412375.3900325
1578413039.9650803
1578413704.7172253
1578414368.904861
1578415034.1570337
1578415699.236704
1578416360.7897913
1578417020.9740047
1578417681.271102
1578418341.2582784
1578419001.0116553
1578419661.2847962
1578420321.2051418
1578420980.9229321
1578421640.60566
1578422301.5730314
1578422961.3068275
1578423621.8260415
1578424281.923045
1578424941.7050724
1578425602.2384691
1578426263.0043921
1578426922.5500998
1578427582.857352
1578428239.3605328
1578428891.4189422
1578429542.785898
1578430194.1469228
1578430846.6813216
1578431497.7327595
1578432149.8853188
1578432802.3958368
1578433453.9223416
1578434105.872233
1578434758.060076
1578435409.2877347
1578436061.0385447
1578436713.09054
1578437364.907149
1578438016.6354363
1578438668.3475437
1578439320.9817088
1578439972.7935696
1578440625.3180504
1578441277.0238094
1578441929.2697868
1578442581.1511145
1578443233.3482077
1578443885.4156487
1578444537.9094026
1578445189.89351
1578445842.0265267
1578446493.9693696
1578447146.9851038
1578447798.1384668
1578448450.241097
1578449101.3948247
1578449753.7601705
1578450405.4543045
1578451056.963965
1578451708.7982402
1578452360.8663175
1578453013.2414901
1578453664.7027497
1578454316.77977
1578454969.1338165
1578455622.391773
1578456273.0087974
1578456925.0792434
1578457576.9703655
1578458228.8308618
1578458880.3736718
1578459531.9724033
1578460183.2883215
1578460834.8541734
1578461485.305791
1578462136.3795033
1578462786.5800583
1578463437.68937
1578464089.4720523
1578464741.5011396
1578465393.4372373
1578466045.1204865
1578466697.2776344
1578467349.0713654
1578468001.3480637
1578468653.7252955
1578469305.6737173
1578469958.0603206
1578470609.9855683
1578471262.5689964
1578471915.295174
1578472567.58257
1578473219.3916223
1578473871.4531872
1578474523.964536
1578475175.9807994
1578475827.5152957
1578476479.9651356
1578477131.6807115
1578477784.3632097
1578478435.9820054
1578479089.452859
1578479741.245322
1578480393.5012574
1578481046.8262386
1578481701.240395
1578482352.7287405
1578483004.4414113
1578483657.2205381
1578484309.430113
1578484961.6616325
1578485614.621779
1578486267.260992
1578486920.2264907
1578487572.7577627
1578488225.7683823
1578488879.4489887
1578489532.344329
1578490184.5008757
1578490836.7027695
1578491490.1308002
1578492143.2500064
1578492797.2932916
1578493451.137884
1578494104.8414464
1578494758.169563
1578495410.7103796
1578496062.9258363
1578496715.7997026
1578497369.370007
1578498022.4800339
1578498676.2324073
1578499330.102821
1578499983.3034072
1578500637.0509496
1578501290.5477502
1578501943.9447248
1578502598.023519
1578503252.0983975
1578503905.098686
1578504558.1783595
1578505211.6616638
1578505864.1541781
1578506516.7946696
1578507169.750876
1578507823.1217418
1578508475.8064556
1578509128.058174
1578509781.220145
1578510434.2138996
1578511086.7439337
1578511739.1136415
1578512392.1066468
1578513045.5101137
1578513699.3308923
1578514352.1222103
1578515005.3132994
1578515658.445559
1578516312.4021754
1578516966.7727475
1578517621.1836898
1578518276.4715788
1578518931.226743
1578519587.391283
1578520242.4112651
1578520898.2306721
1578521552.8509226
1578522212.5498214
1578522875.970725
1578523538.6661375
1578524201.8873103
1578524864.713235
1578525527.9494877
1578526192.2868762
1578526858.4760647
1578527513.9373066
1578528169.8589158
1578528825.8267524
1578529482.2783906
1578530138.3222258
1578530807.7243059
1578531474.4266934
1578532135.574521
1578532796.1723437
1578533459.5186014
1578534123.166451
1578534786.9943643
1578535449.9576783
1578536106.5097032
1578536758.4291394
1578537415.247316
1578538080.3317254
1578538741.8813076
1578539402.9481761
1578540063.8827994
1578540724.491798
1578541385.332507
1578542046.5918565
1578542707.1404088
1578543367.394774
1578544027.1137924
1578544687.5024087
1578545347.6097505
1578546008.685968
1578546670.344237
1578547331.6173332
1578547993.6308172
1578548655.8122919
1578549315.783211
1578549977.1181765
1578550635.4521694
1578551306.4328537
1578551977.3450334
1578552649.3965857
1578553319.7858922
1578553991.4848301
1578554661.1455958
1578555332.2285063
1578556002.1817114
1578556674.5904176
1578557345.1900885
1578558017.5675554
1578558687.5926414
1578559358.877727
1578560030.7834964
1578560701.99052
1578561372.1983523
1578562043.470078
1578562713.9948351
1578563384.962064
